Map dimension: 0,0 165000,141000
Number of Area entities: 95
Number of divisions: 3

Sector 1
Bottom-left: 0, 0
Top-right: 165000, 47000
Number of entities: 41
275
274
273
959
279
953
278
349
941
258
937
936
263
266
933
932
935
934
330
271
268
269
314
913
971
910
970
255
969
968
251
905
248
904
249
903
247
902
960
899
896

Sector 2
Bottom-left: 0, 47000
Top-right: 165000, 94000
Number of entities: 25
956
926
957
927
958
924
925
952
922
923
920
954
955
921
948
919
949
976
950
951
947
254
975
929
928

Sector 3
Bottom-left: 0, 94000
Top-right: 165000, 141000
Number of entities: 29
336
281
280
944
945
946
259
940
256
943
942
257
262
939
938
270
918
916
917
914
915
912
911
253
250
974
296
297
298

